01202
02311
1113
128
126
128
1210
126
1215
124
128
1211
126
128
128
120
128
122
110
116
1113
118
118
1111
1110
116
1110
1113
118
118
1113
1113
1110
1115
118
116
116
1110
118
1115
120
118
11202
1174
122
126
128
128
128
126
128
128
122
128
126
126
126
124
126
1211
124
128
1210
126
128
126
128
128
128
126
126
1210
126
126
1213
11288
114
126
128
128
124
1210
124
128
128
126
126
128
128
126
126
1211
124
128
128
126
122
126
126
126
128
126
128
126
126
128
128
128
126
11296
1123
112
116
1113
122
1119
118
1113
118
1110
1113
1111
116
118
112
1111
118
116
114
1113
118
1113
114
120
122
128
126
128
122
128
126
122
1210
126
124
126
1210
122
126
1210
124
126
128
112
11239
11122
0186
118
116
114
116
112
114
116
116
114
112
114
116
112
116
112
114
118
112
114
110
1217
124
128
1210
1213
126
1213
1213
1213
128
1215
128
1217
128
1215
124
1227
126
122
12210
12210
1246
1113
124
1215
124
1215
126
122
1215
1211
126
1213
124
1210
126
128
126
1211
122
1215
112
1215
124
124
114
116
114
114
114
114
118
114
114
114
116
112
116
114
118
112
118
112
1113
120
12210
116
12124
02132
124
1111
1113
1113
128
124
122
128
126
128
124
112
1117
1115
1129
1134
1152
1138
1142
1121
1125
116
110
1215
1248
1229
1227
122
122
122
126
1259
1219
1238
124
112
1110
1111
1121
1115
1129
1125
1146
1132
1134
1119
1138
118
1148
11162
112
112
112
1115
1125
118
1121
1134
1123
1140
1123
1132
1142
1123
1110
1129
1110
1119
116
112
128
1229
1210
1219
1232
128
122
122
12210
12210
12105
1221
1257
126
1115
118
1121
120
1123
1113
1125
1125
1123
1117
1127
1138
1148
1117
1119
1163
1113
114
114
1142
1131
1123
1123
1123
1155
1110
1115
1132
1121
1115
1129
1129
118
1115
1119
1217
1219
1219
1231
1223
1217
1223
1231
122
122
12210
112
1223
1221
124
1217
126
112
118
1115
1134
1119
1134
1131
1169
1115
1125
1127
1113
11340
02334
1125
1142
1148
1129
1129
1121
1117
1127
120
1115
1113
116
1113
1113
116
114
122
1217
1238
1221
122
1238
1244
128
1225
1223
1213
122
1111
118
1110
1121
112
1138
1132
1136
1146
1119
1173
1117
1110
112
114
1113
1131
1134
1159
1138
1146
1132
1125
1123
1115
122
1210
1217
1221
126
1253
12214
112
124
1219
1221
1221
1221
1217
1219
1211
1219
1211
1219
1211
1219
122
1211
1213
1232
11269
11376
1115
116
1119
1115
1119
1119
1113
1117
1119
118
1119
118
1113
1113
118
1113
1110
1119
1115
118
1113
1121
116
1125
114
1123
118
1119
1113
1113
118
1119
1110
118
1117
1115
1110
1110
1113
118
118
1113
1117
1117
1113
1117
1113
1111
1113
1110
118
1111
1113
1113
116
118
116
116
1110
116
116
118
1110
118
1111
116
118
1113
1111
116
1110
1115
1110
110
126
122
128
128
1215
1110
1113
1121
122
0186
1238
1115
1123
118
1125
1113
1113
1115
112
114
12376
1278
116
1113
120
1117
114
1129
118
1132
1110
1121
1131
1125
1134
1136
1132
1113
1111
1115
1113
114
116
116
118
114
118
118
1111
114
1117
1117
1119
1121
116
1140
1117
1132
1125
1146
114
1121
1123
114
1217
1257
1234
11113
12216
1110
124
1265
124
1229
1215
1213
1210
1121
1115
1127
1121
118
1148
1111
1113
1136
1161
1121
122
1167
122
116
1119
116
1129
1117
1117
1123
1113
1123
118
112
12372
1236
1246
1215
1221
128
122
1115
1115
1127
1121
1144
116
1134
1161
1125
1132
1111
1148
1182
126
1138
1140
1131
1129
1155
128
1129
1125
1119
112
1213
1221
1217
1229
126
1236
120
124
114
1142
1121
1132
1117
1132
1121
1129
1115
11157
0136
1225
1115
11147
122
12330
112
11151
1113
124
12319
126
11162
12323
122
118
11155
124
12332
110
11168
122
12305
11202
02229
1119
1194
1144
12328
124
11176
1213
12315
1213
122
11164
112
12313
1217
11155
118
12334
122
11168
122
12336
11252
02256
1194
1165
116
12294
1138
1119
1113
1123
1123
1136
112
1286
112
12271
120
11162
112
12323
120
11166
1211
12317
1215
120
1113
1127
11128
122
110
12334
11258
02258
12170
122
12334
114
1217
12313
11233
02244
1117
11149
124
12332
114
1263
112
114
114
12223
1238
11149
126
12328
128
11174
124
12336
11250
02250
11136
1121
114
12325
124
11168
128
124
12321
122
1148
11101
1115
12325
122
11134
1127
122
122
12332
112
11170
126
12336
11252
02250
11155
118
12325
122
11179
1217
124
12328
114
11155
114
12323
122
11166
128
12319
1213
120
1182
1186
120
1213
12323
11265
02269
114
1125
11134
12307
1223
11141
1125
122
12304
1221
122
11164
122
12323
122
116
11155
122
12332
122
11170
122
12342
12162
01353
12346
120
126
12178
114
1211
12321
1127
0138
1211
128
1210
128
1213
124
1213
1210
126
124
126
1213
122
126
1215
110
128
128
128
122
1217
1250
1236
1244
1273
1274
122
1127
118
11179
116
118
11195
124
124
128
1211
1257
11132
12233
1248
1236
1246
1113
124
1211
1210
128
126
128
128
1211
124
128
128
124
128
124
126
124
128
124
126
122
1211
126
122
1210
124
126
126
128
1211
126
1213
126
128
128
1213
124
1225
1259
1261
12134
120
11132
1165
1113
1113
11197
122
126
110
1248
1265
12248
11141
1238
1215
124
128
1210
126
1213
126
128
1211
126
1211
124
122
126
12252
014
11208
1213
118
1152
1150
1197
118
114
11170
1144
11208
126
11290
02284
110
11208
1213
1113
11212
122
11197
1113
11212
11128
02128
11206
120
11265
1255
112
11200
11229
1211
11290
02290
112
1127
11103
1192
124
1129
11172
122
112
118
11208
124
11244
1195
02134
1115
11195
1113
11208
1211
11242
1274
1148
1157
11412
12275
112
1111
11294
02290
124
11183
1117
1110
11212
11187
1123
122
11231
11111
02132
11210
118
11206
124
11195
1121
128
11214
11210
02204
11136
1169
126
1129
11183
122
11208
118
126
11212
12170
01179
11168
126
12311
1215
110
11164
122
122
12357
1131
110
11160
112
12330
112
11160
110
12334
114
11164
112
12328
11256
02269
11157
118
12332
114
11166
126
12252
1276
122
11168
122
12326
122
11164
124
12336
114
11162
112
1284
12197
11183
0263
1178
1155
1117
12214
128
118
112
12290
1111
1123
11147
128
12309
1215
124
11164
120
12330
120
11162
112
128
12244
1278
1180
02242
128
118
1152
1197
122
12304
1219
122
118
1167
1188
124
12309
1211
128
112
11166
124
126
12317
124
11166
124
12338
118
11160
112
12307
11208
02237
1150
1190
1119
120
12317
128
122
11164
12330
112
122
11166
124
124
12412
1197
126
11168
126
12330
122
11172
128
12317
1215
12181
01178
11168
124
120
12321
128
116
1132
1169
11309
12258
114
12336
116
1113
118
1111
124
1217
12267
1280
110
118
11153
114
1286
12183
12214
01149
11153
114
12326
124
11181
1217
120
12319
128
11162
12323
126
1113
11128
1123
120
12336
114
11153
1113
110
12336
11231
02237
11176
1213
112
12328
112
11162
124
12328
112
11160
112
12323
122
11153
114
12336
118
116
11153
114
126
12325
11246
02252
11172
1213
114
12328
110
11164
126
12325
120
124
11164
112
12323
122
11168
1211
12313
1219
112
116
11162
124
110
12332
11248
02244
11155
122
12326
122
11170
128
124
12321
124
11162
112
12325
112
11164
126
12332
112
114
11160
112
1211
12325
11267
02275
118
11162
124
12328
116
11412
12256
12325
122
112
12258
11401
1117
120
12325
122
11170
1211
12336
116
11162
112
12351
12153
01168
1110
11155
122
12330
122
11166
124
126
12317
124
1165
1190
118
120
12328
1134
11124
118
12195
1119
1115
12181
1115
11157
122
1284
1292
12319
01355
124
128
1217
124
12323
124
11168
128
126
12317
124
112
11162
12325
120
1292
11185
1165
112
12252
1131
12111
1155
0282
12311
110
11162
12315
1213
122
11162
112
12307
1225
12103
1111
116
118
114
1113
12109
12235
0161
11174
126
12326
122
11168
126
122
12325
11162
12323
122
11166
126
12313
1219
124
11187
1217
122
120
12328
12183
02414
1117
0217
12409
12395
1236
1225
0125
122
02355
12342
12141
1240
0276
11407
12292
