01230
02355
1114
1210
127
1210
1212
127
1217
125
1210
1212
127
1210
1210
120
1210
122
110
117
1114
1110
1110
1112
1112
117
1112
1114
1110
1110
1114
1114
1112
1117
1110
117
117
1112
1110
1117
120
1110
11230
1184
122
127
1210
1210
1210
127
1210
1210
122
1210
127
127
127
125
127
1212
125
1210
1212
127
1210
127
1210
1210
1210
127
127
1212
127
127
1214
11329
115
127
1210
1210
125
1212
125
1210
1210
127
127
1210
1210
127
127
1212
125
1210
1210
127
122
127
127
127
1210
127
1210
127
127
1210
1210
1210
127
11338
1126
112
117
1114
122
1122
1110
1114
1110
1112
1114
1112
117
1110
112
1112
1110
117
115
1114
1110
1114
115
120
122
1210
127
1210
122
1210
127
122
1212
127
125
127
1212
122
127
1212
125
127
1210
112
11274
11139
0198
1110
117
115
117
112
115
117
117
115
112
115
117
112
117
112
115
1110
112
115
110
1219
125
1210
1212
1214
127
1214
1214
1214
1210
1217
1210
1219
1210
1217
125
1231
127
122
12240
12240
1253
1114
125
1217
125
1217
127
122
1217
1212
127
1214
125
1212
127
1210
127
1212
122
1217
112
1217
125
125
115
117
115
115
115
115
1110
115
115
115
117
112
117
115
1110
112
1110
112
1114
120
12240
117
12142
02151
125
1112
1114
1114
1210
125
122
1210
127
1210
125
112
1119
1117
1134
1138
1160
1143
1148
1124
1129
117
110
1217
1255
1234
1231
122
122
122
127
1267
1222
1243
125
112
1112
1112
1124
1117
1134
1129
1153
1136
1138
1122
1143
1110
1155
11185
112
112
112
1117
1129
1110
1124
1138
1126
1146
1126
1136
1148
1126
1112
1134
1112
1122
117
112
1210
1234
1212
1222
1236
1210
122
122
12240
12240
12120
1224
1265
127
1117
1110
1124
120
1126
1114
1129
1129
1126
1119
1131
1143
1155
1119
1122
1172
1114
115
115
1148
1136
1126
1126
1126
1162
1112
1117
1136
1124
1117
1134
1134
1110
1117
1122
1219
1222
1222
1236
1226
1219
1226
1236
122
122
12240
112
1226
1224
125
1219
127
112
1110
1117
1138
1122
1138
1136
1179
1117
1129
1131
1114
11389
02382
1129
1148
1155
1134
1134
1124
1119
1131
120
1117
1114
117
1114
1114
117
115
122
1219
1243
1224
122
1243
1250
1210
1229
1226
1214
122
1112
1110
1112
1124
112
1143
1136
1141
1153
1122
1184
1119
1112
112
115
1114
1136
1138
1167
1143
1153
1136
1129
1126
1117
122
1212
1219
1224
127
1260
12245
112
125
1222
1224
1224
1224
1219
1222
1212
1222
1212
1222
1212
1222
122
1212
1214
1236
11307
11430
1117
117
1122
1117
1122
1122
1114
1119
1122
1110
1122
1110
1114
1114
1110
1114
1112
1122
1117
1110
1114
1124
117
1129
115
1126
1110
1122
1114
1114
1110
1122
1112
1110
1119
1117
1112
1112
1114
1110
1110
1114
1119
1119
1114
1119
1114
1112
1114
1112
1110
1112
1114
1114
117
1110
117
117
1112
117
117
1110
1112
1110
1112
117
1110
1114
1112
117
1112
1117
1112
110
127
122
1210
1210
1217
1112
1114
1124
122
0198
1243
1117
1126
1110
1129
1114
1114
1117
112
115
12430
1289
117
1114
120
1119
115
1134
1110
1136
1112
1124
1136
1129
1138
1141
1136
1114
1112
1117
1114
115
117
117
1110
115
1110
1110
1112
115
1119
1119
1122
1124
117
1146
1119
1136
1129
1153
115
1124
1126
115
1219
1265
1238
11130
12247
1112
125
1274
125
1234
1217
1214
1212
1124
1117
1131
1124
1110
1155
1112
1114
1141
1170
1124
122
1177
122
117
1122
117
1134
1119
1119
1126
1114
1126
1110
112
12425
1241
1253
1217
1224
1210
122
1117
1117
1131
1124
1150
117
1138
1170
1129
1136
1112
1155
1194
127
1143
1146
1136
1134
1162
1210
1134
1129
1122
112
1214
1224
1219
1234
127
1241
120
125
115
1148
1124
1136
1119
1136
1124
1134
1117
11180
0141
1229
1117
11168
122
12377
112
11173
1114
125
12365
127
11185
12370
122
1110
11178
125
12379
110
11192
122
12348
11230
02262
1122
11108
1150
12374
125
11202
1214
12360
1214
122
11187
112
12358
1219
11178
1110
12382
122
11192
122
12384
11288
02293
11108
1174
117
12336
1143
1122
1114
1126
1126
1141
112
1298
112
12310
120
11185
112
12370
120
11190
1212
12362
1217
120
1114
1131
11146
122
110
12382
11295
02295
12194
122
12382
115
1219
12358
11266
02278
1119
11170
125
12379
115
1272
112
115
115
12254
1243
11170
127
12374
1210
11199
125
12384
11286
02286
11156
1124
115
12372
125
11192
1210
125
12367
122
1155
11115
1117
12372
122
11154
1131
122
122
12379
112
11194
127
12384
11288
02286
11178
1110
12372
122
11204
1219
125
12374
115
11178
115
12370
122
11190
1210
12365
1214
120
1194
1198
120
1214
12370
11302
02307
115
1129
11154
12350
1226
11161
1129
122
12348
1224
122
11187
122
12370
122
117
11178
122
12379
122
11194
122
12391
12185
01403
12396
120
127
12204
115
1212
12367
1131
0143
1212
1210
1212
1210
1214
125
1214
1212
127
125
127
1214
122
127
1217
110
1210
1210
1210
122
1219
1258
1241
1250
1284
1284
122
1131
1110
11204
117
1110
11223
125
125
1210
1212
1265
11151
12266
1255
1241
1253
1114
125
1212
1212
1210
127
1210
1210
1212
125
1210
1210
125
1210
125
127
125
1210
125
127
122
1212
127
122
1212
125
127
127
1210
1212
127
1214
127
1210
1210
1214
125
1229
1267
1270
12154
120
11151
1174
1114
1114
11226
122
127
110
1255
1274
12283
11161
1243
1217
125
1210
1212
127
1214
127
1210
1212
127
1212
125
122
127
12288
015
11238
1214
1110
1160
1158
11110
1110
115
11194
1150
11238
127
11331
02324
110
11238
1214
1114
11242
122
11226
1114
11242
11146
02146
11235
120
11302
1262
112
11228
11262
1212
11331
02331
112
1131
11118
11106
125
1134
11197
122
112
1110
11238
125
11278
11108
02154
1117
11223
1114
11238
1212
11276
1284
1155
1165
11470
12314
112
1112
11336
02331
125
11209
1119
1112
11242
11214
1126
122
11264
11127
02151
11240
1110
11235
125
11223
1124
1210
11245
11240
02233
11156
1179
127
1134
11209
122
11238
1110
127
11242
12194
01204
11192
127
12355
1217
110
11187
122
122
12408
1136
110
11182
112
12377
112
11182
110
12382
115
11187
112
12374
11293
02307
11180
1110
12379
115
11190
127
12288
1286
122
11192
122
12372
122
11187
125
12384
115
11185
112
1296
12226
11209
0272
1189
1162
1119
12245
1210
1110
112
12331
1112
1126
11168
1210
12353
1217
125
11187
120
12377
120
11185
112
1210
12278
1289
1191
02276
1210
1110
1160
11110
122
12348
1222
122
1110
1177
11101
125
12353
1212
1210
112
11190
125
127
12362
125
11190
125
12386
1110
11182
112
12350
11238
02271
1158
11103
1122
120
12362
1210
122
11187
12377
112
122
11190
125
125
12470
11110
127
11192
127
12377
122
11197
1210
12362
1217
12206
01204
11192
125
120
12367
1210
117
1136
1179
11353
12295
115
12384
117
1114
1110
1112
125
1219
12305
1291
110
1110
11175
115
1298
12209
12245
01170
11175
115
12372
125
11206
1219
120
12365
1210
11185
12370
127
1114
11146
1126
120
12384
115
11175
1114
110
12384
11264
02271
11202
1214
112
12374
112
11185
125
12374
112
11182
112
12370
122
11175
115
12384
1110
117
11175
115
127
12372
11281
02288
11197
1214
115
12374
110
11187
127
12372
120
125
11187
112
12370
122
11192
1212
12358
1222
112
117
11185
125
110
12379
11283
02278
11178
122
12372
122
11194
1210
125
12367
125
11185
112
12372
112
11187
127
12379
112
115
11182
112
1212
12372
11305
02314
1110
11185
125
12374
117
11470
12293
12372
122
112
12295
11458
1119
120
12372
122
11194
1212
12384
117
11185
112
12401
12175
01192
1112
11178
122
12377
122
11190
125
127
12362
125
1174
11103
1110
120
12374
1138
11142
1110
12223
1122
1117
12206
1117
11180
122
1296
12106
12365
01406
125
1210
1219
125
12370
125
11192
1210
127
12362
125
112
11185
12372
120
12106
11211
1174
112
12288
1136
12127
1162
0294
12355
110
11185
12360
1214
122
11185
112
12350
1229
12118
1112
117
1110
115
1114
12125
12269
0170
11199
127
12372
122
11192
127
122
12372
11185
12370
122
11190
127
12358
1222
125
11214
1219
122
120
12374
12209
02473
1119
0219
12468
12451
1241
1229
0129
122
02406
12391
12161
1246
0286
11466
12334
