01216
02333
1114
129
127
129
1211
127
1216
125
129
1211
127
129
129
120
129
122
110
117
1114
119
119
1111
1111
117
1111
1113
119
119
1113
1113
1111
1116
119
117
117
1111
119
1116
120
119
11216
1179
122
127
129
129
129
127
129
129
122
129
127
127
127
125
127
1211
124
129
1211
127
129
127
129
129
129
127
127
1211
127
127
1213
11308
115
127
129
129
124
1211
124
129
129
127
127
129
129
127
127
1211
124
129
129
127
122
127
127
127
129
127
129
127
127
129
129
129
127
11317
1125
112
117
1114
122
1120
119
1114
119
1111
1113
1111
117
119
112
1111
119
117
115
1114
119
1114
114
120
122
129
127
129
122
129
127
122
1211
127
125
127
1211
122
127
1211
124
127
129
112
11256
11131
0192
119
117
115
117
112
115
117
117
114
112
114
117
112
117
112
115
119
112
114
110
1218
124
129
1211
1213
127
1213
1213
1213
129
1216
129
1218
129
1216
124
1229
127
122
12225
12225
1250
1114
124
1216
125
1216
127
122
1216
1211
127
1213
125
1211
127
129
127
1211
122
1216
112
1216
125
124
114
117
114
114
115
114
119
114
115
114
117
112
117
114
119
112
119
112
1114
120
12225
117
12133
02142
124
1111
1113
1114
129
125
122
129
127
129
124
112
1118
1116
1132
1136
1156
1140
1145
1123
1127
117
110
1216
1252
1232
1229
122
122
122
127
1263
1220
1241
124
112
1111
1111
1122
1116
1132
1127
1150
1134
1136
1120
1141
119
1152
11173
112
112
112
1116
1127
119
1122
1136
1125
1143
1125
1134
1145
1125
1111
1132
1111
1120
117
112
129
1232
1211
1220
1234
129
122
122
12225
12225
12112
1223
1261
127
1116
119
1123
120
1125
1114
1127
1127
1125
1118
1129
1141
1152
1118
1120
1167
1114
115
114
1145
1134
1125
1125
1125
1158
1111
1116
1134
1123
1116
1132
1132
119
1116
1120
1218
1220
1220
1234
1225
1218
1225
1234
122
122
12225
112
1225
1223
124
1218
127
112
119
1116
1136
1120
1136
1134
1174
1116
1127
1129
1113
11365
02358
1127
1145
1152
1132
1131
1123
1118
1129
120
1116
1114
117
1113
1113
117
114
122
1218
1240
1223
122
1241
1247
129
1227
1225
1213
122
1111
119
1111
1123
112
1140
1134
1138
1149
1120
1179
1118
1111
112
115
1113
1134
1136
1163
1140
1150
1134
1127
1125
1116
122
1211
1218
1222
127
1256
12230
112
125
1220
1223
1222
1222
1218
1220
1211
1220
1211
1220
1211
1220
122
1211
1213
1234
11288
11403
1116
117
1120
1116
1120
1120
1114
1118
1120
119
1120
119
1113
1114
119
1114
1111
1120
1116
119
1114
1122
117
1127
114
1125
119
1120
1113
1114
119
1120
1111
119
1118
1116
1111
1111
1114
119
119
1113
1118
1118
1114
1118
1113
1111
1113
1111
119
1111
1113
1114
117
119
117
117
1111
117
117
119
1111
119
1111
117
119
1113
1111
117
1111
1116
1111
110
127
122
129
129
1216
1111
1114
1122
122
0192
1241
1116
1125
119
1127
1114
1113
1116
112
115
12403
1283
117
1114
120
1118
115
1131
119
1134
1111
1122
1134
1127
1136
1138
1134
1113
1111
1116
1113
114
117
117
119
114
119
119
1111
115
1118
1118
1120
1122
117
1143
1118
1134
1127
1150
114
1123
1125
114
1218
1261
1236
11121
12232
1111
124
1270
125
1231
1216
1214
1211
1122
1116
1129
1123
119
1152
1111
1113
1138
1165
1123
122
1172
122
117
1120
117
1131
1118
1118
1125
1113
1125
119
112
12398
1238
1250
1216
1222
129
122
1116
1116
1129
1123
1147
117
1136
1165
1127
1134
1111
1152
1188
127
1141
1143
1134
1131
1159
129
1132
1127
1120
112
1214
1222
1218
1231
127
1238
120
124
114
1145
1123
1134
1118
1134
1122
1131
1116
11169
0138
1227
1116
11157
122
12353
112
11162
1113
125
12342
127
11173
12346
122
119
11166
124
12356
110
11180
122
12326
11216
02245
1120
11101
1147
12351
124
11189
1214
12337
1214
122
11175
112
12335
1218
11166
119
12358
122
11180
122
12360
11270
02274
11101
1170
117
12315
1141
1120
1113
1125
1125
1138
112
1292
112
12290
120
11173
112
12346
120
11178
1211
12340
1216
120
1114
1129
11137
122
110
12358
11277
02277
12182
122
12358
115
1218
12335
11250
02261
1118
11160
124
12356
114
1267
112
115
115
12239
1240
11160
127
12351
129
11187
124
12360
11268
02268
11146
1123
114
12349
124
11180
129
125
12344
122
1152
11108
1116
12349
122
11144
1129
122
122
12356
112
11182
127
12360
11270
02268
11166
119
12349
122
11191
1218
125
12351
114
11166
115
12347
122
11178
129
12342
1213
120
1188
1192
120
1213
12346
11283
02288
114
1127
11144
12328
1225
11151
1127
122
12326
1223
122
11176
122
12347
122
117
11167
122
12356
122
11182
122
12367
12173
01378
12371
120
127
12191
115
1211
12344
1129
0141
1211
129
1211
129
1213
124
1214
1211
127
125
127
1213
122
127
1216
110
129
129
129
122
1218
1254
1238
1247
1279
1279
122
1129
119
11191
117
119
11209
125
125
129
1211
1261
11142
12250
1252
1238
1249
1113
124
1211
1211
129
127
129
129
1211
125
129
129
124
129
124
127
124
129
125
127
122
1211
127
122
1211
125
127
127
129
1211
127
1214
127
129
129
1213
124
1227
1263
1265
12144
120
11142
1170
1114
1113
11212
122
127
110
1252
1270
12266
11151
1241
1216
124
129
1211
127
1214
127
129
1211
127
1211
124
122
127
12270
014
11223
1213
119
1156
1154
11103
119
114
11182
1147
11223
127
11310
02304
110
11223
1213
1114
11227
122
11212
1113
11227
11137
02137
11221
120
11283
1258
112
11214
11245
1211
11311
02310
112
1129
11110
1199
125
1131
11185
122
112
119
11223
125
11261
11101
02144
1116
11209
1114
11223
1211
11259
1279
1152
1161
11441
12295
112
1111
11315
02310
125
11196
1118
1111
11227
11200
1125
122
11248
11119
02142
11225
119
11221
124
11209
1122
129
11229
11225
02218
11146
1174
127
1131
11196
122
11223
119
127
11227
12182
01191
11180
127
12333
1216
110
11175
122
122
12382
1134
110
11171
112
12353
112
11171
110
12358
115
11175
112
12351
11274
02288
11169
119
12355
114
11178
127
12270
1281
122
11180
122
12349
122
11176
125
12360
115
11173
112
1290
12211
11196
0267
1183
1158
1118
12229
129
119
112
12311
1111
1125
11157
129
12331
1216
125
11176
120
12353
120
11173
112
129
12261
1283
1185
02259
129
119
1156
11104
122
12326
1220
122
119
1172
1195
125
12331
1211
129
112
11178
125
127
12340
124
11178
124
12362
119
11171
112
12328
11223
02254
1154
1197
1120
120
12340
129
122
11175
12353
112
122
11178
124
124
12441
11104
127
11180
127
12353
122
11184
129
12340
1216
12193
01191
11180
124
120
12344
129
117
1134
1174
11331
12277
115
12360
117
1114
119
1111
124
1218
12286
1286
110
119
11164
114
1292
12196
12229
01160
11164
114
12349
124
11193
1218
120
12342
129
11173
12346
127
1114
11137
1125
120
12360
115
11164
1114
110
12360
11248
02254
11189
1213
112
12351
112
11173
124
12351
112
11171
112
12346
122
11164
114
12360
119
117
11164
114
127
12349
11263
02270
11184
1213
114
12351
110
11176
127
12349
120
125
11176
112
12346
122
11180
1211
12335
1220
112
117
11173
124
110
12356
11266
02261
11166
122
12349
122
11182
129
125
12344
124
11173
112
12349
112
11176
127
12356
112
115
11171
112
1211
12349
11286
02295
119
11173
124
12351
117
11441
12274
12349
122
112
12277
11430
1118
120
12349
122
11182
1211
12360
117
11173
112
12376
12164
01180
1111
11166
122
12353
122
11178
125
127
12340
125
1170
1197
119
120
12351
1136
11133
119
12209
1120
1116
12194
1116
11169
122
1290
1299
12342
01380
124
129
1218
125
12346
124
11180
129
127
12340
125
112
11173
12349
120
1299
11198
1170
112
12270
1134
12119
1158
0288
12333
110
11173
12337
1214
122
11173
112
12328
1227
12110
1111
117
119
115
1113
12117
12252
0165
11187
127
12349
122
11180
127
122
12349
11173
12346
122
11178
127
12335
1220
124
11200
1218
122
120
12351
12196
02443
1118
0218
12439
12423
1238
1227
0127
122
02380
12367
12151
1243
0281
11437
12313
